249.247
249.581
249.71
250.027
250.076
250.101
250.096
250.146
250.348
250.437
250.441
250.393
250.525
250.603
250.58
250.523
250.441
250.395
250.398
250.378
250.219
250.099
250.27
250.43
250.603
250.702
250.798
250.841
250.808
250.964
250.853
250.708
250.441
250.318
250.283
250.207
250.326
250.263
250.285
250.294
250.433
250.494
250.428
250.588
250.537
250.419
250.445
250.496
250.58
250.696
250.779
250.56
250.473
250.404
250.326
250.251
250.06
249.788
249.64
249.656
249.923
250.191
250.227
250.133
250.185
250.407
239.169
227.909
216.381
204.932
193.589
182.379
170.937
159.511
159.499
159.475
159.373
159.373
159.357
159.238
159.376
159.366
159.261
159.268
159.228
159.111
159.138
159.244
159.106
159.096
159.22
159.228
159.388
159.497
159.479
159.48
159.6
159.611
159.467
159.331
159.336
159.202
159.22
159.102
159.123
159.125
159.143
159.137
159.103
159.112
159.091
159.089
158.948
158.977
158.996
159.004
158.91
158.913
158.795
158.777
158.766
158.603
158.577
158.665
158.653
158.643
158.745
158.772
158.909
159.048
159.169
159.085
159.226
159.365
159.379
159.381
159.273
159.144
159.041
159.035
158.882
158.841
158.85
158.98
159.068
159.199
159.327
159.456
159.578
159.74
159.734
159.728
159.6
159.59
159.451
159.46
159.456
159.324
159.307
159.298
159.454
159.469
159.59
159.437
159.335
159.33
159.335
159.225
159.215
159.177
159.057
159.211
159.348
159.351
159.374
159.478
159.494
159.507
159.511
159.505
159.488
159.513
159.498
159.516
159.488
159.491
159.616
159.476
159.475
159.466
159.475
159.358
159.37
159.368
159.252
159.249
159.212
159.346
159.35
159.336
159.321
159.199
159.304
159.464
159.502
159.339
159.214
159.322
159.348
159.493
159.489
159.471
159.474
159.493
159.595
159.588
159.581
159.56
159.591
159.574
159.561
159.436
159.441
159.46
159.447
159.46
159.321
159.189
159.199
159.182
159.173
159.04
159.169
159.292
159.388
159.531
159.521
159.673
159.824
160.08
159.972
159.86
160.012
160.015
160.155
160.147
160.02
159.901
159.881
159.842
159.697
159.672
159.559
159.558
159.57
159.558
159.563
159.591
159.61
159.491
159.586
159.583
159.546
159.428
159.447
159.447
159.466
159.487
159.221
159.11
159.001
159.146
159.133
159.005
158.972
159.121
159.128
159.245
159.376
159.236
159.107
159.231
159.109
158.938
158.957
158.826
158.702
158.702
158.58
158.461
158.351
158.348
158.222
169.584
180.886
192.228
203.697
214.973
226.39
237.773
249.188
249.138
249.184
249.17
249.193
249.283
249.34
249.299
249.311
249.275
249.215
249.347
249.26
249.169
249.03
248.963
248.876
248.887
248.9
248.758
248.797
248.871
249.079
249.159
249.182
249.188
249.046
249.002
248.936
248.821
248.717
248.637
248.75
248.764
248.88
248.941
248.914
248.937
248.92
248.881
248.836
248.694
248.578
248.484
248.528
248.498
248.558
248.683
248.629
248.771
248.869
248.924
248.914
249.077
249.041
249.038
